5645 6579 5804 6579
-5974 1981 -1477 1981
-4102 -4553 8490 -7344
827 -6840 -7077 -3849
-1893 1959 -5126 1959
4294 -7170 4294 -3605
-1358 9756 -1358 -3337
-1342 -9930 -1342 983
488 7547 488 7547
2435 3621 2435 -6149
457 -6699 4255 -1129
-1428 3250 -1428 5895
-9746 -3004 -563 -3004
4532 -7989 -1327 -7989
6415 325 -3488 1643
579 1452 579 1452
-9278 -6294 1191 -6294
6607 -7538 6607 -7538
8428 7145 9417 -5199
-2054 1804 -2054 -469
7742 -852 7742 -8475
9463 -9874 -2429 -9874
53 -1914 -9412 -3749
6351 -4909 6351 -4909
-1262 -2578 -2722 3599
6256 -3900 3118 -3900
-7499 -9167 -8847 -9167
-5782 -2347 332 -8022
-8917 -6944 -9595 -6335
2578 6218 6305 6218
-1580 9318 -1580 -2912
663 4147 -2913 -6001
-655 -3370 -249 8277
3448 156 3448 8216
8765 7260 8765 8779
-7772 -5903 -7772 8881
-4788 1405 -4788 2426
5184 -9521 5184 -9521
-5810 -4462 -2891 -4462
-2444 -200 -6861 -200